m <- c(0,8,9)
y <- c(2,1,2)
z <- x+y

